E_d_kl
 0  1  2  3  4  5
 0  0  2  1  3  0
 2  2  1  2  0  0
 3  4  1  1  3  2
 0  0  2  1  0  0
 2  3  2  1  3  2
 0  0  2  1  0  0
 2  3  2  1  3  2
 0  0  2  1  0  0
 2  3  2  1  3  2
 2  2  1  2  0  0
 0  0  1  2  0  3
 0  0  1  2  0  3
 2  0  2  4  1  0
 0  0  1  2  0  3
 3  1  2  0  3  4
 0  3  2  4  0  2
 3  1  2  0  3  4
 0  0  2  1  3  0
 3  4  1  1  3  2
 3  4  1  1  3  2
A_ki
 0   1   2   3   4   5   6   7   8   9   10  11  12  13  14  15  16  17  18  19  20  21  22  23  24  25  26  27  28  29  30  31  32  33  34  35  36  37  38  39
  3   1   1   2   5   1   1   1   2   3   7   4   8   2   1   1   2   2   1   2   3   4   2   1   1   1   5   2   1   2   2   1   2   2   5   7   1   1   2   1
  0   1   7   1   2   1   1   8   1   4   4   2   1   3   4   1   1   3   2   1  13   2   1   3   3   5   2   9   1   1   1   3   3   4   1   1   1   3   5   2
  0   6   3   2  13   1   2  10   3   4   1  12   3   4   4   1  18   5  14   8  10  10   9   1   1   6  21   2   3   4   9   2   2   2   2   5   9   2   5   5
  0   1   1   1   1   1   2   1   2   1   1   1   1   1   1   1   1   2   1   2   2   1   1   1   2   1   1   1   1   1   1   1   1   3   2   1   1   1   1   1
 11  13   6   1   5   1   4   4   7   2   3  12   5   4   7   8   8   3   7   7   1   5   5   3   7   1   1  11   6   6   3   5   4   3   9   1   3   4  11   1
  0   1   1   1   1   1   1   1   1   2   1   2   1   1   1   1   1   3   1   1   1   2   1   1   1   1   1   1   1   1   2   1   1   1   1   2   2   1   2   1
  1   3   1  12   3  19   4   7   2   1  10   1   7   3  16   6   2   3   3   3  10  13   1   8   1   8   2   4   5   7   2   7   5   1   9   2   4   8   2   2
  1   3   1   2   1   1   1   1   2   1   1   2   1   1   1   1   1   1   1   1   1   2   1   1   1   1   1   1   1   1   1   1   1   2   1   1   1   1   1   2
  6   1   1   1   4  11   1  10   2   1   4   8  11  19   1   8  12   9   5  10   5   2   1  14  17   2   4   9   3   2   4   5   4   2   3   1   1   1   1   2
  1   1   2   1   2   1   3   2   1  14   4   1   2   1   1   3   1   2   4   6   2   1   1   1   1  18   2   6   2   2   1   1   2   3   3   1   1   8   1   2
  0   1   1   2   2   1   2   4   3   3   2   1   1   1   3   4   1   6   1   1   1   2   2   1   2   2   2   1   2   3   1   3   7   8   8   1   3   5   1   1
  2   4   7   4   1   1  16   4   2   2   1   2   7   1   1   3   1   2   2   1   1   2   1   1   2   2   2   1   1   1   2   3   1   1   1   2   1   3   3   1
  2   1   1   3   5   4   2   4   1   7   4   9   2   1   1   2   2   1   1   3   1   1   1   2   4   1   2   1   1  19   3   7   1   3   4   3   5  15   3  11
  1   2   1   4   2   1   2   1   1   3   5   1   2   2   2   2   3   8   3   2   2   1   1   3   2   3   4   5   4   8   1   1   1   1   2   2   1   1   4   1
  0   1   2   4   2   1  11   5   3   4   8   1  13   4   3   1   4   3   4   9   6   1  10  12   4   5   2   8   5   1   1  14   9   4  15   4   5   4   4  11
  9   5   3   1   3   1   3   1   2  10   2   6   5   9   1   5   5   1   1  20   1   4  20   4   1   4   5   5   2   1   2   2   3   3   3   2  15   4   1   1
  5   1   7   3   3   8   2   3   1  11   4   4   6   1   2   2   2  13   3   3   5   2   6   3   5   1  10  15   4   4   1   1   9  15  12   6  14   6   1   4
  2   2   5   4   1   1   5   5   1   1   1   6   4   2   1   1   3   4   1   3   2   1   1   1   3   2   3   3   3   4   2   1   3   3   1   2   3   1   1   3
  1   5   9   3  17   4   1   3   9   1   9   2   2   4   2   3   1  10   9   2  14   4   1  11   2   6   1   2  14   1   1   4   5   2   9   8  22  10   6   4
  5   5   5  15  10  14   1   6   4   2   5   1  15  18  15   4   2   9   1  10   1   1   5   1   9   3   1   1   4   4   7   3   1   7   5   6   3   1   4  10
S_i
  0    1    2    3    4    5    6    7    8    9    10   11   12   13   14   15   16   17   18   19   20   21   22   23   24   25   26   27   28   29   30   31   32   33   34   35    36   37    38   39
 0.0  0.0  0.0  0.0  0.0  0.0  0.0  0.0  1.0  2.0  2.0  0.0  0.0  1.0  4.0  3.0  0.0  0.0  0.0  2.0  2.0  1.0  4.0  6.0  4.0  1.0  6.0  1.0  2.0  3.0  6.0  2.0  1.0  1.0  1.0  2.0  11.0  5.0  12.0  5.0
E_i
  0     1     2     3     4    5    6    7    8    9    10   11   12   13   14   15    16   17   18    19   20   21    22    23   24    25   26   27    28    29    30   31    32   33   34   35    36    37    38   39
 0.0  11.0  14.0  13.0  12.0  7.0  7.0  1.0  4.0  6.0  3.0  9.0  9.0  7.0  7.0  4.0  10.0  2.0  1.0  14.0  4.0  7.0  11.0  10.0  8.0  12.0  8.0  7.0  12.0  13.0  12.0  2.0  10.0  7.0  1.0  9.0  12.0  13.0  13.0  7.0
M_l
   0    1    2    3    4    5
 228  217  265  248  202  246
