E_d_kl
 0  1  2  3  4  5
 0  3  2  4  0  2
 3  1  2  0  3  4
 0  0  1  2  0  3
 2  0  2  4  1  0
 2  2  1  2  0  0
 2  2  1  2  0  0
 2  3  2  1  3  2
 2  3  2  1  3  2
 2  0  2  4  1  0
 0  0  1  2  0  3
 2  2  1  2  0  0
 0  3  2  4  0  2
 2  3  2  1  3  2
 0  0  2  1  0  0
 0  0  2  1  3  0
 0  0  2  1  3  0
 2  3  2  1  3  2
 3  1  2  0  3  4
 0  3  2  4  0  2
 2  3  2  1  3  2
 3  1  2  0  3  4
 0  0  1  2  0  3
 3  4  1  1  3  2
 0  0  2  1  0  0
 3  4  1  1  3  2
 0  0  2  1  3  0
 0  0  2  1  0  0
 2  3  2  1  3  2
 2  0  2  4  1  0
 3  4  1  1  3  2
A_ki
 0   1   2   3   4   5   6   7   8   9   10  11  12  13  14  15  16  17  18  19  20  21  22  23  24  25  26  27  28  29  30  31  32  33  34  35  36  37  38  39
  0   1   6   2   1   2   3   6   2   4   5   4   1   2   4  22   7  14   2   5   4   6   2   3   5   3   2   8   2   2   5   5   1   6   1   3   4   4   4  13
 15   1   2   2   2   9  12   1   1   2   2   1   3   1  16   1   7   2   5   7   4   4   9   4   1   5   1   5   9   5  25   3   5   3   5   6  14   3   3   2
  0   2   7   3   1   1   4   1   2   2   3   3   3   1   1   2   7   2   1   3   2   3   7   2   1   1   2   1   1   1   1   4   3   1   2   1   6   2   3   3
  1   4   1   4   5   3   3   4   1   1   4   1   1   8   4   1   1   3   2   1   2   4   1   2   2   1   2   6   2  11   7   8   9   3   7   3   2   7   9   3
  0   5   1   2   1   4   3   1   7   1   4   4   3   2   3   2   1   4   5   1   4   3   3   6   4   4   4   6   7   1   1   1   2   2   2   1   1   2   2   2
  3   2   4   3   7   2   1   1   6   1   4   4   3   4   1   5   1   2   8   3   3   1   6   3   1   2   1   1   3   2   1   4   1   1   2   1  10   2   1   1
  9   9   3  10  19   8  15   3   7   1   2   5   1   3   2   3   1  11   1   1   2   7   4   7   4   6   1   3   6   6   3   1  10   1   1   7   5   1  15   4
  2  12   9   1   5   1   7   3   3   2   7   1  10   1   1  15   8   2   3   2   5   3   4   7   5   8  11  14   5  10  11   2   3   7   7   5   1   1   1   3
  5   3   2   4   1   6   7   1   8   1   1   4   7   4  10   7   3   2   1   3   1   2   1   1   2   4   3   7   2   2   6   5   1   3   6   2   8   3   4   1
  2   4   2   1   6   3   1   3   1   2   2   4   6   2   1   1   2   2   1   3   1   3   2   3   2   4   3   1   3   4   1   2   2   1   1   4   2   1   3   4
  0   5   2   8   3   2   1   3   8   3   1  10   1   3   1   1   1   1   1   1   3   1   2   7   2   3   1   3   7   3   3   7   1   1   1   1   6   1   1   2
  0   2   4   6   5   4   4   3  11   9   1   5   4   4   4   3   1  12   2   1  11   1   2  10   1   3   4   2   7   9   3   3  10   1   1   3   5   6   3   6
  2  12   5   6   2  12   1  12   7   3   1  22   6   1   2   8   6   1   2   5   4   3   9   7   1   5   1   2   4   5   9   1  10   1   5   6   7   6   5   1
  0   1   1   1   1   1   1   1   1   1   1   2   1   1   1   1   2   1   2   2   3   1   1   1   1   1   1   1   1   1   1   2   1   2   2   1   1   1   1   1
  0   1   1   1   1   1   4   1   4   1   2   4   1   1   2   5   2   1   7   1   1   2   3   5   1   1   2   6   5   3   1   1   6   1   4   3   1   5   2   2
  3   3   1   2   1   2   3   2   1   1   2   3   1   1   1   1   3   1   2   1   5   2   3   3   2   1   6   6   7   4   3   4   1   3   1   1   2   3   1   3
  5   2   1   8   1  11   1   5   3   5   1   2   2   1   2   1   3   7  13   2   4   9  19   4  12   1   5   7   1   4   2   6   2   7   7   6   7  16   9   4
 13   1   2   3   1   6   1   2   1  17   8   6  10   6   2  11   5   3   9   7   1   2   1   6   6   4   1   6   2   3   4  10   5  12   6   7   4   1   2  11
  3   2   8   5   4   1   2   3  12   3   2   2   5   3   3   1   3   5  10   1   7   1   3   4   9   5   1   4  10   2  13   8   4   3   2   5  10   1   3   3
  1  14   5   3  14   1  19   2   5   9   3   6   3   7   2   1   4   5   1   9   2   4   2   5  15   2   2   7  15   4   2   6   2   4   3   3   5   2   7   2
 20   2   2  11   4   7   4   2   1   4   1  12   7   1   7   3   8   1  17  13   9   3   1   7   1   1   1   6   2   2   7   4   3   1   8  15   2   4   1   3
  0   1   1   1   2   1   1   3   3   7   2   3   2   1   1   3   1   1   7   1   3   1   8   1   1   4   1   5   1   2   1   5   2   1   1   2   1   4   3   7
  9   9   9   1   2   2   8   4   1  19   1   2   2   6   1   4   2   1   9   6   1   5  10   4   1   9  16  10   8   3   7   5   5   5  10   4   3   6   7   7
  1   1   1   1   1   2   1   1   1   1   1   1   1   1   2   2   1   1   1   1   2   1   1   1   1   1   1   1   1   1   1   1   1   1   1   2   2   1   2   2
  3   7   8   7   4   5   9   5   1   1   7   1   1   1   4   6   2   9  11   6   5   2   1  14   3   5   6   1  12  10   1   3   3   6  18   8  10   5   7   6
  0   5   2   1   3   1   1   1   1   5   2   1   1   4   4   1   2   1   3   2   8   7   2   3   1   1   2   1   3   2   1   3   1  10   1   1   3   2   1   2
  0   1   1   1   1   1   1   2   1   1   1   1   1   1   2   1   1   1   1   1   1   2   1   2   2   1   1   1   2   1   1   1   2   1   1   1   1   2   2   1
  2   1   5   4   4   6   2   2  12   5   3   1   2   4   6   4   1   4   2   6   8   5   7   1   2   6   4  18   4   8  17   4   8   2   5   1  19   2   7   4
  1   3   4   1   1   1   9   1   1   4   5   6   3   5   3   2   5   9   4   1   1   5   3   4   4   3   1   7   2   2   5   7   6   3   1   4   2   2  11   2
  5   6   3   2   9  10   7   5  10   1   5   2   3  10   3   9  14   4  19   4   1   5   5   2   6   2   1   4   6   1  10   1  11   3   1   1   7  13   7   6
S_i
  0    1    2    3    4    5    6    7    8    9    10   11   12   13   14   15   16   17   18   19   20   21   22   23   24   25   26   27   28   29   30   31   32   33   34   35    36    37   38   39
 0.0  0.0  0.0  0.0  0.0  0.0  0.0  0.0  1.0  2.0  2.0  2.0  1.0  1.0  3.0  1.0  1.0  4.0  0.0  4.0  1.0  2.0  3.0  6.0  4.0  7.0  5.0  1.0  8.0  7.0  1.0  1.0  2.0  5.0  0.0  6.0  10.0  10.0  3.0  5.0
E_i
  0    1     2     3     4     5    6     7     8    9     10   11    12   13   14    15   16   17   18    19   20    21    22    23   24    25    26    27    28    29   30    31    32    33   34   35    36    37    38    39
 7.0  2.0  14.0  14.0  11.0  15.0  7.0  13.0  12.0  8.0  13.0  9.0  14.0  1.0  8.0  11.0  7.0  6.0  3.0  14.0  8.0  15.0  11.0  11.0  6.0  12.0  15.0  15.0  13.0  12.0  8.0  15.0  10.0  14.0  6.0  6.0  12.0  15.0  15.0  12.0
M_l
   0    1    2    3    4    5
 232  169  293  228  180  207
