E_d_kl
 0  1  2  3  4  5
 0  3  2  4  0  2
 3  4  1  1  3  2
 3  4  1  1  3  2
 2  2  1  2  0  0
 0  0  1  2  0  3
 2  3  2  1  3  2
 0  0  2  1  3  0
 2  3  2  1  3  2
 2  3  2  1  3  2
 2  3  2  1  3  2
 0  0  2  1  3  0
 3  4  1  1  3  2
 3  1  2  0  3  4
 2  0  2  4  1  0
 3  1  2  0  3  4
 2  0  2  4  1  0
 0  0  1  2  0  3
 2  3  2  1  3  2
 0  3  2  4  0  2
 0  0  2  1  0  0
A_ki
 0   1   2   3   4   5   6   7   8   9   10  11  12  13  14  15  16  17  18  19  20  21  22  23  24  25  26  27  28  29  30  31  32  33  34  35  36  37  38  39
  4   4   6   1   1   1   3   3   2   3  14   6   3   3   7   3   9  11   9   5   2   3   7   1   2   2  18   4   3   2   2   1   2  13   3   2   5   2   1   3
  3   7   6   4   7   9  12   5   3  17  11  12   4   1   7   1   5   8   5   1   3   9   5   1   4   2   4   1   1   3   7   5   2   1  12   3   1   3  25   4
  4   6   6   3  10   2  15   4   3   2   3   7   3   6   3  13  13   4   4   2  10   3   2   7  11   5   1   5   2   9   2   3   5   6  10  14   1   1  13   1
  4   5   3   1   7   4   2   3   2   5   3   1   2   1   1   2   1   1   3   1   7   2   9   2   2   1   2   1   1   1   4   1   7   1   1   1   1   8   3   5
  8   2   6   7   1   1   1   4   1   3   5   1   1   1   1   1   1   4   5   1   2   1   8   1   2   1   3   1   1   2   2   3   2   2   1   1   2   1   4   1
  2   2   5   2  15   4   5   2  11   2   6   1   7   2   2   3  14   4   3   8   5   7   5   5   8  13   2   3  11   2   7   4   1   3   4   3   8   1  14   2
  0   2   2   2   2   1   3   1   3   8   1   3   2   1   1   1   1   4   3   1   5   1   4   2   2   5   6   1   1   1   2   9   1   1   4   4   1   1   1   2
  2   1   1  14   1   6   3   6  17   3   8   4   7   1   1   7   1   6   7   1   1   2   5  25  10   3   2   6   7   2   7   1  10   1   4  13   4   5   1   2
  0   4   2   3   2   2   1   6   5   7   2   3   7   1   3   3   3  23   1   4   3   3  12   3   7  25  16   5   6   2   2   6   3   1   2   2   3   3  19   3
  0   9  20  13   1  12   1   3  12  11   4   4   2   6   8   6   4   4   6   1   8   5   3   3   3  10   2   1  10   1   2   2   3   1   4   7   4   3   3   6
  3   3   1   1   4   2   4   1   6   1   1   1   1   3   1   2   3   1   3   2   7   1   3   2   3   4   3   3   1   3   1   1   4   1   2   4   2   1   4   2
 20   2   1   7   4   8  14   8   5   2   1   4   2   5   2  10   1   9   7   1   2   3   3  15   3   1   5   1   2  11   3   8   9   1   2  13   2  13   2  12
  3   2   1  11   2   2   3  14   4   1  10   4   5   2  10   1   9   5   5  23   2   7   2   7   1   3   5  11   3   4   4   4   1   6   8   3   2  15   1   2
  0   1   3   3  21   1   2   3   3   3   1   1   9   2   5   2   7  12   3   3   3   6   1   1   4   1   4   3   1   1   1  11   2   8   3   2   2   2   2   1
  3  14   1   5   5  11   4   7   4   8   8   9   2   6   1   4   1  10   5   9   9   9   4   2   2   2   2   6   1   2   1   5   1   2   4  15   9   3  11   1
  1   2   5   2   1  14   3   4   1   2   4   2   2   4   3   1   3   2   4   2   1   6  12   2   1   5  16   2   4   1   1   6   2   2   1   1   2   7   4   6
  2   1   1   2   1   1   5   2   1   1   5   3   3   1   3   5   1   3   4   1   2   1   1   3   1   1   1   4   5   9   5   2   2   2   1   3   1   4   1   1
  5  15   7   4   5   5   9   3   1   4  10   3   1   1   9   3  10   6   7   9   3   7   8   1   1   4   2   4   5   3   4   7   1   6   2   5  19   1   1   7
  0   1   1   5   5  18   2   5   1   5   3   4   3  10   7   6   1   1   2   1   6   3   6   6   5   3   3   3   2  12  11   5   3   1   3   8   5   4   4   2
  1   1   2   1   1   1   1   1   2   1   1   1   1   1   1   1   2   1   2   1   1   1   1   1   1   1   1   1   1   1   3   1   2   2   1   1   1   1   1   1
S_i
  0    1    2    3    4    5    6    7    8    9    10   11   12   13   14   15   16   17   18   19   20   21   22   23   24   25   26   27   28   29    30   31    32    33   34   35    36   37   38   39
 0.0  0.0  0.0  0.0  0.0  0.0  1.0  1.0  0.0  1.0  0.0  2.0  1.0  2.0  0.0  0.0  0.0  3.0  5.0  4.0  5.0  1.0  1.0  3.0  1.0  5.0  6.0  6.0  9.0  1.0  11.0  5.0  11.0  10.0  0.0  6.0  10.0  7.0  1.0  0.0
E_i
   0     1     2    3    4    5    6    7     8    9     10    11    12   13   14    15    16    17    18    19   20   21    22    23    24    25    26   27    28    29    30   31    32    33   34    35    36   37   38   39
 11.0  10.0  14.0  8.0  6.0  3.0  1.0  6.0  15.0  6.0  11.0  13.0  15.0  3.0  0.0  10.0  15.0  13.0  15.0  14.0  6.0  9.0  15.0  10.0  15.0  14.0  11.0  7.0  15.0  13.0  14.0  9.0  11.0  13.0  6.0  10.0  15.0  7.0  9.0  3.0
M_l
   0    1    2    3    4    5
 105  153  136  248  250  241
