E_d_kl
 0  1  2  3  4  5
 2  3  2  1  3  2
 2  3  2  1  3  2
 0  0  2  1  3  0
 2  3  2  1  3  2
 0  3  2  4  0  2
 3  1  2  0  3  4
 3  1  2  0  3  4
 0  3  2  4  0  2
 2  2  1  2  0  0
 0  0  2  1  0  0
A_ki
 0   1   2   3   4   5   6   7   8   9   10  11  12  13  14  15  16  17  18  19  20  21  22  23  24  25  26  27  28  29  30  31  32  33  34  35  36  37  38  39  40  41  42  43  44  45  46  47  48  49  50  51  52  53  54  55  56  57  58  59
  3   3   1   9  13   4   8   1  10   4   1  11   5   6   6   1   4   5   7  10  15   7   1   8   7   4   2   7   1   1   1   5  11   3   4   2   3   1   3   9   1  11   9   3   1   2   3   3   3   3   6   1  17  14   2   2   1   6  16   1
  4   9   1   5   5   5   8   3   6  16   1   1   9   7   2   6   6   3   1   3   3   2   1   4   1  18   2   3   2   2  14   6   2   2  14   4   6   1   4   4   5   4  30   1   6   1   2   5   6   2   5  15  13   4   1   7   6   1   1   1
  1   2   6   2   3   1   1   2   1   3   2   1   1   3   3   1   3   1   1   1   4   1   3   2   3   1   2   1   1   2   1   1   4   4   1   4   3   4   1   6   3   4   1   5   3   1   4   1   1   4   2   1   5   2   3   1   2   3   9   1
  1   2   2   2  12   2  11   3   2   1   5   3  13   5   1   3   1   2   3  20   2   1   2  10  14   3   4   1   4   2   1   4   7   8   3   6   6   3   5   2   5   5  22   2   6  15   1  12   2   3  10   4   6   2   6  18   3   1   3   4
  2   2   7   6   2  11   2   2   4   5   6   3   8  10   1   2   4   1   1   1  15   2   8   3   1   4   5   2  12   7   7   4   2   1   3   1   1   5   8   6   2   2   3   1   2   7   5   4   1   3   6   8   9   1   1   1  10   6   9   6
  0   5  21   3   4   4  21   2   4   1  10   3  17   1   2   6   1   5   4   1   1   3  18   2   3   1   4   2   4   6   1   5   5   1   2   4   4   3   2   7   2   1   2   8   1  11  13  10   3  10   2   9  15   1  13   1   1   1  14   1
  2   5   1   3   5   2   4   4   9   1   3   1   3  11   9   3   2  10   4   2   4   2   4   3   2   3  10   8  15  12  12   7  13   2   5   1  12   4   4   1  15   3   8   5   3   2   8   3   1   1   2   4   3  21   3   6   1   6   8   1
  8   2   4   5   3   1   1   5   3  20   4   5   8   2   7  13   4   7   1   3   2   3   2   3   9   3   7   6   7   3   1   9   1   4   8   1   2   1   7   1   6   5   1   2   7   2   9   1   5  15   2   1   1   1   1   1   1   5   5   7
  2   2   3   2   2   3   2  12   2   1   8  10   8   1   1   4   1   1   2   3   1   2   1   5   1   4   1   1   2   2   1   4   1   1   3   1   2   1   1   1   1   1   1   1   3  11   1   3   8   4   6   4   1   1   3   2   2   2   6   1
  0   1   3   1   1   2   1   1   1   1   1   1   1   2   1   1   1   1   1   2   1   1   1   1   1   1   1   1   1   1   1   1   1   1   1   1   1   1   2   1   1   1   1   3   1   2   2   2   2   1   1   1   1   1   2   1   1   1   1   1
S_i
  0    1    2    3    4    5    6    7    8    9    10   11   12   13   14   15   16   17   18   19   20   21   22   23   24   25   26   27   28   29   30   31   32   33   34    35    36   37   38   39   40   41   42    43   44   45    46   47   48   49    50    51   52   53   54   55    56   57   58   59
 0.0  0.0  0.0  0.0  0.0  0.0  1.0  1.0  1.0  2.0  1.0  0.0  0.0  0.0  1.0  4.0  0.0  0.0  1.0  2.0  2.0  0.0  3.0  1.0  1.0  4.0  4.0  2.0  2.0  2.0  7.0  5.0  8.0  8.0  6.0  11.0  10.0  8.0  1.0  6.0  6.0  2.0  6.0  14.0  6.0  7.0  16.0  3.0  5.0  6.0  17.0  12.0  6.0  5.0  4.0  7.0  16.0  3.0  2.0  2.0
E_i
   0    1    2     3    4     5    6    7     8     9    10    11   12   13   14   15    16    17    18    19   20    21   22   23    24    25    26   27   28   29   30    31    32   33   34    35    36    37    38   39    40    41    42    43    44    45    46    47    48    49    50    51    52    53    54   55    56    57    58   59
 10.0  8.0  4.0  10.0  2.0  12.0  7.0  5.0  11.0  13.0  5.0  22.0  9.0  4.0  7.0  7.0  17.0  16.0  22.0  20.0  3.0  19.0  6.0  6.0  17.0  14.0  13.0  6.0  6.0  7.0  7.0  22.0  22.0  9.0  8.0  23.0  17.0  13.0  13.0  8.0  10.0  10.0  21.0  22.0  20.0  16.0  17.0  15.0  12.0  13.0  21.0  14.0  21.0  18.0  10.0  9.0  22.0  12.0  12.0  2.0
M_l
   0    1    2    3    4    5
 249  299  246  201  215  188
