E_d_kl
 0  1  2  3  4  5
 0  0  2  1  3  0
 2  0  2  4  1  0
 2  3  2  1  3  2
 2  3  2  1  3  2
 0  0  1  2  0  3
 2  2  1  2  0  0
 0  0  1  2  0  3
 2  0  2  4  1  0
 0  3  2  4  0  2
 3  1  2  0  3  4
A_ki
 0   1   2   3   4   5   6   7   8   9   10  11  12  13  14  15  16  17  18  19  20  21  22  23  24  25  26  27  28  29  30  31  32  33  34  35  36  37  38  39  40  41  42  43  44  45  46  47  48  49  50  51  52  53  54  55  56  57  58  59
  2   1   2   3   3   4   3   3   4   2   2   3   1   3   1   2   2   1   1   1   1   1   1   1   9   1   2   5   3   1   3   6   1   2   3  10   1   4   5   3   1   1   2   1   3   1   2   1   4   2   1   2   1   1   3   1   2   3   3   2
  1   1   1   1  12   4   1   6   1   5   3   2   3   7   4   1   2   8   1   1   2   1   4   3   1   1   2   1  12   2  10   2   9   4   1   3   3   7   2  12   8  12   3   1   6   3   4   2   1   2   4   4   4   2   5   1   2   2   2   1
 14   4   2  10   8   3   1   1   1  13   2   1   4  18   3   5   5  10   1  10   8   1   5  16   7  15  10   4   1   1   5   5  12   3   1   2   1   5  12   3  11   1   3   2   3   6   9   7   1   2   4   1   2   2   5   3   6   1   9   1
  7   1   1  12   7   1   2   2   9   1   1   1   6   1   2   3   2   5   2   3   7   1   6  10   1   7   2   1   1   6   4   1   1   1   5   1   7  34  11   5   2   1   9   5  18   2   1   3   4   9  29   2  20   2   4   2   1  10   5   2
  0   2   2   2   1   2   2   5   1   9   1   1   1   1   1   2   1   1   1   1   2   2   2   1   4   1   1   1   5   7   1   1   6   1   3   2   1   5   4   6   6   3   4   1   1   3   3   1   3   7   1   1   2   1   2   4   1   2   4   1
  5   3   7   2   2   3   5   5   1   7   1   1   1   4   3   2   2   6   1   1   5   5   2   1   3   2   4   1   4   3   2   1   1   3  10   2   1   2   1   4   5   6   1   7   1   2   1   2   2   5   1   2   2   1   1   1   1   1   2   5
  0   3   3   1   2   1   1   2   1   1   1   2   7   1   4   1   1   6   1   4   3   2   1   2   7   1   2   4   2   5  11   3   2   1   1   2   1   1   1   1   1   1   2   1   2   3   3   3   3   6   1   2   2   2   2   2   3   5   3   1
  6   1   3   3   5   2   2   3   3   2   2   2   5   2   4   1   3   1   3   2   2   3   1   2   3   1   4   3   1   6  13   7   1   1   1   4  10   2   7   2   8   1  22   2   1   1   1   1   1  14   1   3   5   3   1   3   1  13   4   1
  4   5   1   2   4   5   3  10   6   2   1   2   2   2   1   8   2  10   1   7   2   6   9   2   3   1   4   1   1   5   8   1   3   8   4   2  10   2   5   4   1   6   6   6   1   6  11   3   2   3   1   3   2  22   6   6   3   4   1  12
  2   7   2   1   6   3   2   2   8   5  15   4   3  10   2   8  10   3  14   1   6   3  43   1  10   9   2   1   7   3   4   1   4   4   1   8   5   8   3   1   3   1   1   3   2   9   1   3   3   2   5   2  13   1   1   5   3   3   3  16
S_i
  0    1    2    3    4    5    6    7    8    9    10   11   12   13   14   15   16   17   18   19   20   21   22   23   24   25   26   27   28   29   30   31   32   33   34   35   36   37    38    39    40   41    42   43   44   45   46   47   48    49    50   51   52   53   54   55   56   57    58    59
 0.0  0.0  0.0  0.0  0.0  0.0  0.0  1.0  0.0  1.0  2.0  1.0  0.0  0.0  4.0  3.0  4.0  2.0  1.0  2.0  2.0  3.0  2.0  3.0  7.0  3.0  2.0  1.0  8.0  8.0  6.0  2.0  5.0  9.0  9.0  5.0  1.0  5.0  10.0  11.0  11.0  2.0  14.0  1.0  7.0  9.0  0.0  3.0  9.0  12.0  12.0  3.0  9.0  7.0  7.0  1.0  2.0  1.0  14.0  14.0
E_i
  0    1     2    3    4    5     6    7     8     9     10   11   12    13    14    15    16   17   18    19    20   21    22    23    24   25    26    27    28    29   30    31   32    33    34    35   36    37    38    39    40    41    42    43    44    45   46    47    48    49    50    51    52    53    54    55    56    57    58    59
 0.0  5.0  17.0  7.0  9.0  6.0  14.0  9.0  17.0  21.0  10.0  2.0  1.0  13.0  13.0  11.0  16.0  3.0  6.0  14.0  12.0  6.0  22.0  12.0  18.0  8.0  17.0  15.0  19.0  17.0  7.0  11.0  8.0  12.0  19.0  20.0  1.0  12.0  16.0  17.0  13.0  21.0  16.0  11.0  11.0  19.0  5.0  22.0  23.0  23.0  15.0  21.0  16.0  23.0  19.0  15.0  11.0  14.0  22.0  22.0
M_l
   0    1    2    3    4    5
 156  181  189  182  120  181
