E_d_kl
 0  1  2  3  4  5
 2  2  1  2  0  0
 0  3  2  4  0  2
 3  4  1  1  3  2
 2  0  2  4  1  0
 0  0  1  2  0  3
 2  0  2  4  1  0
 2  2  1  2  0  0
 2  3  2  1  3  2
 2  2  1  2  0  0
 2  3  2  1  3  2
A_ki
 0   1   2   3   4   5   6   7   8   9   10  11  12  13  14  15  16  17  18  19  20  21  22  23  24  25  26  27  28  29  30  31  32  33  34  35  36  37  38  39  40  41  42  43  44  45  46  47  48  49  50  51  52  53  54  55  56  57  58  59  60  61  62  63  64  65  66  67  68  69  70  71  72  73  74  75  76  77  78  79
  1   1   3   3   1   3   3   4   1   4   3   1   4   1   5   9   1   1   1   2   2   6   1   1   1   2   2   2   1   5   2   4   1   3   1   5   2   5   2   1   4   1   6   1   3   2   6   2   1   4   3   2   4   5   1   1   3   3   2   5   4   1   3   3   1   6   1   1   3   3   4   8   6   6   5   4   2   1   1   1
  0   3   1   5   3   2  12   8   7   4   1   4  15  10   3   7   2   3   1   3   4   1   1   1   3   7   2   6  12   9   4   2   4  18   1   3   1   2   4   4   5   2   2   5   8   4   7   2   1   3   6   1   3   1   8   2   4   3   6  11   2   1   8   2   1   1   2   2   7  10  11   1   1   3   1   2  10   6   2  12
  0  16  19   4   1   1   1   7   4   1   3  13  12   4   4   3   5  22   8   7   1   3   3   7   6   2  11  15   6   2   2   8   9   8   8   7   2  11   3   1   5   8   5   3   2   8   2   3   1   2   3   1   1   8   2   3   2   3   4  10   1   6   9   2   6   2   3  12  11   7   2   2  19  11   5  12   4   3   3   2
  1   3   1   4   2   1   6  11   4   6   1   2   3   5   9   9   2   2   2   4   1   2   8   1   6   2   3   3   3   8   1   1   2   5   4   3   1   1   1   6   2   4   5   5   1   1   3   7   2   1   2   1   2   1   3  17   4   5   2   3   6   1  10   2   1  19   1   8   1   6   1   1   2   1   1   6   3   4   1   2
  6   3   4   3   3   2   5   1   2   4   1   1   3   1   2   1   4   1   1   1   5   1   2   7   2   2   3   5   2   1   3   3   1   1   1   1   1   1   2   6   3   5   2   2   1   3   2   2   2   1   2   2   2   1   4   1   1   1   6   1   5   4   4   6   1   1   1   3   2   4   1   2   2   1   3   1   5   1   1   1
  0   2   1   2   3   1   5   4   2   3   6  11   4   1   2   2  10   3   3   3   4   2  16   4   1   2   1   1   3   5   2   1   2   7   1   2   4   2   3   6   5   5   7   2   6   2   3   1   1   3  15   1   1   2   8   3   1   1   4   2   2   5   3   4   4   6   3   1   6   8   4   6   1   2   2   5   1  12   1   2
  0   1   5   1   4   2   3   2   4   2   1   4   1   1   4   1   3   4   1   8   1   6   3   4   6   1   8   3   4   1   1   1   9   1   5   4   6   1   2   1   1   3   3   2   1   1   1   5   6   2   4   1   2   3   5   1   2   7   1   1   8   1   2   1   6   1   1   4   2   3   1   1   3   4   3   1   4   1   2   3
  4   2   1   2  19   6   2   6   4   1   1   2   6   4   3  12  10   1   4  13   6   3   1   6   2   1   2   1  17  17   1   4   3   3   4   1  11  13   3   7   2   1   8   4  11   8   1   3   3   9  11   7   7   1   2   1   5   3   9  10  10   1  17   1   4   2   2   2   7   6  15   4   3   6   4   2   4   8   2   1
  4   1   1   5   1   1   3   2   3   2   1   3   1   1   2   4   4   2   1   3   1   2   6   9   4   2   2   2   1   1   1   1   1   4   4   8   4   2   6   4   3   3   1   2   5   3   4   3   9   6   3   2   1   3   3   3   1   5   3   2   1   3   1   1   1   1   8   1   2   2   2   4   2   5   4   2   2   2   2   3
  0   2  14   2   1   2   9   8   2  16   7   1   1   1  14   1  13   1   1   5   1   1   5   4   5   3   2   4   4  10   5   2   2   1   1   1  14   1   4  10   2   5   7   6   7  23   7  13   4   1  10   2  17   6   7   2   1  23   3   2   3   9   9   6   5   6   2   3   4   3   4   4   3   4   5   5   3   2   3   4
S_i
  0    1    2    3    4    5    6    7    8    9    10   11   12   13   14   15   16   17   18   19   20   21   22   23   24   25   26   27   28   29   30   31   32    33    34   35   36   37   38    39   40   41   42   43    44    45    46   47   48    49   50   51   52   53    54   55    56    57   58   59    60   61    62   63    64    65    66    67   68   69    70    71   72   73    74    75   76    77    78   79
 0.0  0.0  0.0  0.0  0.0  0.0  0.0  1.0  1.0  2.0  1.0  1.0  0.0  0.0  4.0  3.0  4.0  5.0  5.0  5.0  5.0  6.0  3.0  6.0  3.0  1.0  1.0  6.0  7.0  5.0  3.0  1.0  5.0  10.0  11.0  8.0  8.0  0.0  3.0  13.0  2.0  7.0  1.0  0.0  13.0  16.0  16.0  1.0  7.0  14.0  9.0  2.0  4.0  9.0  13.0  2.0  17.0  13.0  2.0  6.0  13.0  8.0  23.0  3.0  22.0  23.0  14.0  20.0  6.0  7.0  19.0  13.0  8.0  3.0  11.0  23.0  9.0  19.0  14.0  1.0
E_i
   0    1     2     3     4    5    6     7     8     9     10    11   12   13    14    15    16    17    18    19    20    21    22    23   24   25    26    27    28    29    30    31    32    33    34    35    36   37    38    39    40    41    42    43    44    45    46    47    48    49    50    51    52    53    54    55    56    57    58    59    60    61    62    63    64    65    66    67    68    69    70    71    72    73    74    75    76    77    78    79
 13.0  4.0  18.0  25.0  12.0  4.0  9.0  31.0  30.0  21.0  25.0  11.0  0.0  8.0  11.0  21.0  11.0  16.0  20.0  31.0  25.0  23.0  20.0  12.0  5.0  5.0  15.0  12.0  26.0  24.0  10.0  13.0  20.0  11.0  21.0  29.0  24.0  5.0  29.0  28.0  26.0  10.0  28.0  10.0  22.0  20.0  20.0  10.0  11.0  23.0  23.0  19.0  12.0  12.0  16.0  25.0  30.0  27.0  13.0  12.0  20.0  10.0  25.0  28.0  29.0  29.0  29.0  21.0  28.0  18.0  20.0  15.0  29.0  24.0  23.0  27.0  13.0  24.0  31.0  29.0
M_l
   0    1    2    3    4    5
 138  263  285  114  244  255
