Instance/ins_noTC_10_32_80_6_8
idx is 5
E_d_kl
 0  1  2  3  4  5
 0  3  2  4  0  2
 2  3  2  1  3  2
 2  2  1  2  0  0
 3  1  2  0  3  4
 3  4  1  1  3  2
 2  3  2  1  3  2
 0  3  2  4  0  2
 0  3  2  4  0  2
 2  2  1  2  0  0
 0  0  1  2  0  3
A_ki
 0   1   2   3   4   5   6   7   8   9   10  11  12  13  14  15  16  17  18  19  20  21  22  23  24  25  26  27  28  29  30  31  32  33  34  35  36  37  38  39  40  41  42  43  44  45  46  47  48  49  50  51  52  53  54  55  56  57  58  59  60  61  62  63  64  65  66  67  68  69  70  71  72  73  74  75  76  77  78  79
  3   2   3   4   5   2   4   5   2   3   3   2   1   6   9  11   1   1  15   1   1   1   4   2   4   8   5   3   2   2  14   4   1   8   4   3   6   1   1  12   1   7   4   3   7   6   6   1   9   2   6   7   3   6   1   1   4   4   3   1   5   1   2   5   6   3  12   4   1   5   2   5   4   9   7   1  12   2  10   5
  5   5   3  14   5   8   2   3   4   4   3   8   7  11   9   8   2   2   3   3  19  10   4   3   4   2   1   5   1   2  13   3   1  13   1   5   8   4   3   4   8   3   3   2   3   3   2   8   8   9   4   1   9   6   3   8  23   3   1   7   4  13   2   6   2   2  21   1   2   1   4   3   1   1   3   3   4  10   3   1
  0   2   1   1   1   1   2   4   4   1   2   3   1   2   1   2   8   2  11   4   2   1   4   3   1   6   1   1   2   1   3   3   7   1   2   3   2   4   3   1   2   2   1   2   7   5   4   2   1   1   3   1   2   3   4   2   5   5   1   1   4   5   2   2   8   1   4   1   3   2   6   2   7   1   1   4   7   3   2   1
  2   3   6   9   7   2  11  10   7   9   1   2   2   1  14  18   5   1   7   4   1   7   1   3   4   5   2   4   7   1   8   3   1  11   2   1   2   5   3   3   7   5  13   1   8   1   1   3   7  11   2   9   4   2   9   1   1   2   4  11   5   1  20   3   1   5   1   2  19   3   1  18  13   6   3   1   3   2   7   5
  1   7  11   4   9   4   8   1   4   9   1   2  13   3   1   1   1  12   6   7   9   7   2   2   1   5   2  10   3   6   4   3  22   1   1  12   3   3   8   2   1   7   3   7   1   6   7   5   1   4   1   1  38   2   4   1   3   9   3   4   7  13   3  26   9   4   5   1   4   4  23   3   8   2   1   1   2   4   2   7
  4   3   2   2   1   9   2   5   9   3   6   3   4   1   4   3   1   5   5   3   7   9   7   1   1   1   3   2   2  10   8  13   7  10   7   9  11   2   2   5   4   1   1   7   2   4   4   6   6   9   4  10   3  10   7  13   6  10   9   4   6   1  12   8   5   9   4  13   2   2   4   1   1   3   5   3   8   3   7   7
  4   7   1   1   5   5   2   9   4   4   1   1   5   4   1   1  26   1   1   3   1   1   1   5   2   1   6   2   1  13   1   2   8   1   8   8   2   6  18   2   1   5   1   1   4   9   2   2   8   2   5   5   1   3  12   1   3   5  11  13   1  12   6   4   1   4  11   2   7   2   1   2  13   4   3   1   2   1   1   5
  2   5   1   2   6   5   2   4   4   5   1   9   5   1  14   3   3   4   2   2   3   2   8   1   4   5   4  10   2   7  14  14   3   3   1  11   2   1   3   9   2   5   1   6   3   4   3   5   5   1   3   3   5   4   7   9   7   8   3   5   3   8   3   6   3   2   2   1   6   1   7   5   1   1   1   4   9   5   6   2
  2   3   1   2   4   3   5   3   3   2   4   2   1   2   1   1   1   5   5   1   1   1   2   3   4  12   2   1   2   5   1   2   1   1   3   1   1   2   1  11   2   1   5   1   3   3   5   7   1   3   6   5   1   1   1  15   4   1   1   1   1   1   2   3   1   4   2   1   1   2   2   2   6   2   3   5   1   4   4   2
  0   1   1   2   2   1   1   5   1   1   1   3   3   1   9   1   2   1   3   7   7   3   2   3   7   1   1   2   5   1   1   1   1   2   4   2   1   4   2   6   1   7   1   1   2   2   1   1   3   3   1   1   4   2   1   2   4   1   4   2   1   2   1   2   1   1   3   1   4   2   5   2   1   3   1   4   1   4   4   3
S_i
  0    1    2    3    4    5    6    7    8    9    10   11   12   13   14   15   16   17   18   19   20   21   22   23   24   25   26   27   28   29   30   31   32   33    34   35   36   37    38    39    40    41   42    43   44    45   46    47    48   49   50    51    52    53    54   55   56    57   58   59    60    61    62    63    64    65    66   67    68   69    70   71   72   73    74   75    76    77   78    79
 0.0  0.0  0.0  0.0  0.0  0.0  0.0  0.0  1.0  2.0  1.0  2.0  1.0  0.0  3.0  3.0  2.0  2.0  4.0  0.0  5.0  1.0  7.0  5.0  2.0  6.0  5.0  7.0  0.0  3.0  7.0  8.0  7.0  2.0  10.0  2.0  8.0  5.0  11.0  13.0  13.0  13.0  5.0  10.0  9.0  13.0  4.0  14.0  10.0  5.0  4.0  15.0  12.0  17.0  19.0  7.0  8.0  14.0  6.0  4.0  20.0  13.0  13.0  23.0  19.0  22.0  17.0  3.0  10.0  3.0  11.0  6.0  1.0  7.0  22.0  3.0  15.0  12.0  6.0  16.0
E_i
   0     1     2     3     4    5     6    7     8     9     10    11    12    13    14    15    16    17    18    19    20    21    22    23    24    25    26    27    28   29   30    31    32    33    34    35    36    37    38    39    40    41    42    43    44    45    46    47    48    49    50    51    52    53    54    55    56    57   58    59    60    61    62    63    64    65    66    67    68    69    70   71    72   73    74    75    76    77    78    79
 10.0  18.0  19.0  11.0  20.0  0.0  17.0  3.0  31.0  26.0  29.0  16.0  15.0  16.0  22.0  11.0  30.0  16.0  23.0  22.0  14.0  14.0  10.0  16.0  10.0  21.0  31.0  24.0  28.0  4.0  9.0  21.0  10.0  16.0  10.0  24.0  21.0  26.0  19.0  23.0  22.0  31.0  10.0  26.0  15.0  25.0  21.0  31.0  18.0  17.0  30.0  18.0  16.0  28.0  19.0  22.0  24.0  30.0  7.0  22.0  24.0  26.0  17.0  23.0  20.0  22.0  25.0  22.0  29.0  24.0  15.0  8.0  20.0  7.0  30.0  17.0  20.0  13.0  30.0  16.0
M_l
   0    1    2    3    4    5
 135  100  146  211  224  125
